Voltage, ChA, Run #3
Time ( s )	Voltage ( V )
0.0000	-0.059
0.1000	0.016
0.2000	-0.018
0.3000	-0.072
0.4000	-0.056
0.5000	0.009
0.6000	-0.045
0.7000	-0.091
0.8000	-0.025
0.9000	-0.023
1.0000	-0.045
1.1000	-0.066
1.2000	-0.046
1.3000	-0.029
1.4000	-0.059
1.5000	-0.073
1.6000	-0.002
1.7000	0.005
1.8000	-0.033
1.9000	-0.027
2.0000	0.017
2.1000	0.004
2.2000	-0.022
2.3000	-0.012
2.4000	0.001
2.5000	-0.003
2.6000	-0.001
2.7000	0.020
2.8000	0.013
2.9000	0.026
3.0000	0.032
3.1000	0.043
3.2000	0.033
3.3000	0.027
3.4000	0.035
3.5000	0.043
3.6000	0.037
3.7000	0.029
3.8000	0.034
3.9000	0.039
4.0000	0.020
4.1000	0.018
4.2000	0.020
4.3000	0.031
4.4000	0.040
4.5000	0.035
4.6000	0.028
4.7000	0.021
4.8000	0.027
4.9000	0.020
5.0000	0.019
5.1000	0.021
5.2000	0.028
5.3000	0.021
5.4000	0.022
5.5000	0.021
5.6000	0.010
5.7000	0.011
5.8000	0.012
5.9000	0.009
6.0000	0.008
6.1000	0.011
6.2000	0.016
6.3000	0.007
6.4000	-0.003
6.5000	0.006
6.6000	-0.002
6.7000	-0.006
6.8000	-0.001
6.9000	-0.006
7.0000	-0.003
7.1000	-0.005
7.2000	-0.010
7.3000	-0.009
7.4000	-0.014
7.5000	-0.014
7.6000	-0.011
7.7000	-0.013
7.8000	-0.019
7.9000	-0.020
8.0000	-0.020
8.1000	-0.028
8.2000	-0.026
8.3000	-0.024
8.4000	-0.021
8.5000	-0.027
8.6000	-0.027
8.7000	-0.024
8.8000	-0.029
8.9000	-0.033
9.0000	-0.030
9.1000	-0.029
9.2000	-0.032
9.3000	-0.031
9.4000	-0.033
9.5000	-0.029
9.6000	-0.035
9.7000	-0.032
9.8000	-0.030
9.9000	-0.032
10.0000	-0.035
10.1000	-0.031
10.2000	-0.031
10.3000	-0.034
10.4000	-0.032
10.5000	-0.030
10.6000	-0.025
10.7000	-0.027
10.8000	-0.029
10.9000	-0.028
11.0000	-0.024
11.1000	-0.029
11.2000	-0.023
11.3000	-0.023
11.4000	-0.022
11.5000	-0.021
11.6000	-0.019
11.7000	-0.013
11.8000	-0.014
11.9000	-0.021
12.0000	-0.014
12.1000	-0.015
12.2000	-0.012
12.3000	-0.008
12.4000	-0.010
12.5000	-0.007
12.6000	-0.004
12.7000	0.000
12.8000	-0.007
12.9000	-0.002
13.0000	-0.004
13.1000	-0.002
13.2000	0.000
13.3000	0.004
13.4000	0.010
13.5000	0.008
13.6000	0.010
13.7000	0.009
13.8000	0.014
13.9000	0.004
14.0000	0.015
14.1000	0.013
14.2000	0.014
14.3000	0.023
14.4000	0.021
14.5000	0.023
14.6000	0.021
14.7000	0.019
14.8000	0.020
14.9000	0.020
15.0000	0.022
15.1000	0.026
15.2000	0.025
15.3000	0.027
15.4000	0.033
15.5000	0.023
15.6000	0.027
15.7000	0.025
15.8000	0.029
15.9000	0.027
16.0000	0.032
16.1000	0.024
16.2000	0.034
16.3000	0.027
16.4000	0.028
16.5000	0.025
16.6000	0.022
16.7000	0.021
16.8000	0.035
16.9000	0.023
17.0000	0.025
17.1000	0.022
17.2000	0.024
17.3000	0.024
17.4000	0.023
17.5000	0.016
17.6000	0.018
17.7000	0.023
17.8000	0.015
17.9000	0.017
18.0000	0.010
18.1000	0.018
18.2000	0.016
18.3000	0.010
18.4000	0.011
18.5000	0.011
18.6000	0.009
18.7000	0.004
18.8000	0.002
18.9000	-0.001
19.0000	0.006
19.1000	0.007
19.2000	0.004
19.3000	-0.006
19.4000	-0.005
19.5000	-0.009
19.6000	-0.007
19.7000	-0.011
19.8000	-0.009
19.9000	-0.006
20.0000	-0.007
20.1000	-0.011
20.2000	-0.016
20.3000	-0.025
20.4000	-0.018
20.5000	-0.017
20.6000	-0.023
20.7000	-0.011
20.8000	-0.016
20.9000	-0.018
21.0000	-0.026
21.1000	-0.026
21.2000	-0.030
21.3000	-0.022
21.4000	-0.029
21.5000	-0.025
21.6000	-0.020
21.7000	-0.023
21.8000	-0.024
21.9000	-0.031
22.0000	-0.032
22.1000	-0.027
22.2000	-0.027
22.3000	-0.025
22.4000	-0.019
22.5000	-0.031
22.6000	-0.028
22.7000	-0.026
22.8000	-0.030
22.9000	-0.024
23.0000	-0.025
23.1000	-0.023
23.2000	-0.020
23.3000	-0.021
23.4000	-0.028
23.5000	-0.022
23.6000	-0.024
23.7000	-0.017
23.8000	-0.018
23.9000	-0.017
24.0000	-0.016
24.1000	-0.013
24.2000	-0.014
24.3000	-0.019
24.4000	-0.013
24.5000	-0.014
24.6000	-0.006
24.7000	-0.008
24.8000	-0.006
24.9000	-0.010
25.0000	-0.003
25.1000	-0.007
25.2000	-0.005
25.3000	-0.003
25.4000	0.002
25.5000	0.000
25.6000	0.002
25.7000	0.005
25.8000	0.007
25.9000	-0.007
26.0000	0.008
26.1000	0.009
26.2000	0.013
26.3000	0.014
26.4000	0.010
26.5000	0.014
26.6000	0.014
26.7000	0.011
26.8000	0.015
26.9000	0.017
27.0000	0.012
27.1000	0.028
27.2000	0.019
27.3000	0.019
27.4000	0.016
27.5000	0.024
27.6000	0.019
27.7000	0.022
27.8000	0.020
27.9000	0.022
28.0000	0.023
28.1000	0.025
28.2000	0.023
28.3000	0.024
28.4000	0.022
28.5000	0.026
28.6000	0.025
28.7000	0.024
28.8000	0.020
28.9000	0.022
29.0000	0.024
29.1000	0.019
29.2000	0.019
29.3000	0.023
29.4000	0.026
29.5000	0.017
29.6000	0.022
29.7000	0.019
29.8000	0.020
29.9000	0.021
30.0000	0.013
30.1000	0.013
30.2000	0.020
30.3000	0.016
30.4000	0.010
30.5000	0.013
30.6000	0.006
30.7000	0.009
30.8000	0.009
30.9000	0.007
31.0000	0.003
31.1000	0.002
31.2000	0.006
31.3000	0.008
31.4000	0.000
31.5000	-0.006
31.6000	0.003
31.7000	-0.005
31.8000	0.001
31.9000	-0.010
32.0000	-0.010
32.1000	0.001
32.2000	-0.003
32.3000	-0.016
32.4000	-0.010
32.5000	-0.023
32.6000	-0.007
32.7000	-0.013
32.8000	-0.019
32.9000	-0.016
33.0000	-0.015
33.1000	-0.015
33.2000	-0.016
33.3000	-0.021
33.4000	-0.020
33.5000	-0.017
33.6000	-0.024
33.7000	-0.019
33.8000	-0.024
33.9000	-0.025
34.0000	-0.017
34.1000	-0.024
34.2000	-0.024
34.3000	-0.024
34.4000	-0.017
34.5000	-0.028
34.6000	-0.018
34.7000	-0.027
34.8000	-0.022
34.9000	-0.019
35.0000	-0.029
35.1000	-0.027
35.2000	-0.020
35.3000	-0.016
35.4000	-0.021
35.5000	-0.022
35.6000	-0.020
35.7000	-0.017
35.8000	-0.021
35.9000	-0.017
36.0000	-0.020
36.1000	-0.014
36.2000	-0.009
36.3000	-0.015
36.4000	-0.016
36.5000	-0.017
36.6000	-0.018
36.7000	-0.015
36.8000	-0.003
36.9000	-0.009
37.0000	-0.004
37.1000	-0.005
37.2000	0.000
37.3000	-0.009
37.4000	-0.008
37.5000	-0.011
37.6000	0.001
37.7000	0.003
37.8000	0.000
37.9000	0.004
38.0000	0.003
38.1000	0.003
38.2000	0.002
38.3000	-0.001
38.4000	0.007
38.5000	0.011
38.6000	0.005
38.7000	0.014
38.8000	0.010
38.9000	0.010
39.0000	0.008
39.1000	0.014
39.2000	0.015
39.3000	0.017
39.4000	0.012
39.5000	0.018
39.6000	0.018
39.7000	0.015
39.8000	0.019
39.9000	0.013
40.0000	0.024
40.1000	0.026
40.2000	0.022
40.3000	0.018
40.4000	0.016
40.5000	0.015
40.6000	0.016
40.7000	0.022
40.8000	0.019
40.9000	0.023
41.0000	0.027
41.1000	0.017
41.2000	0.019
41.3000	0.014
41.4000	0.019
41.5000	0.019
41.6000	0.020
41.7000	0.022
41.8000	0.023
41.9000	0.019
42.0000	0.015
42.1000	0.004
42.2000	0.004
42.3000	0.020
42.4000	0.016
42.5000	0.013
42.6000	0.015
42.7000	0.016
42.8000	0.008
42.9000	0.003
43.0000	0.001
43.1000	0.009
43.2000	0.005
43.3000	0.006
43.4000	0.015
43.5000	0.003
43.6000	0.001
43.7000	-0.009
43.8000	0.002
43.9000	-0.005
44.0000	-0.001
44.1000	-0.010
44.2000	0.003
44.3000	0.000
44.4000	-0.007
44.5000	-0.010
44.6000	-0.016
44.7000	-0.007
44.8000	-0.009
44.9000	-0.009
45.0000	-0.012
45.1000	-0.012
45.2000	-0.016
45.3000	-0.012
45.4000	-0.021
45.5000	-0.016
45.6000	-0.014
45.7000	-0.015
45.8000	-0.013
45.9000	-0.018
46.0000	-0.021
46.1000	-0.021
46.2000	-0.018
46.3000	-0.024
46.4000	-0.017
46.5000	-0.019
46.6000	-0.017
46.7000	-0.014
46.8000	-0.023
46.9000	-0.022
47.0000	-0.022
47.1000	-0.018
47.2000	-0.022
47.3000	-0.015
47.4000	-0.021
47.5000	-0.017
47.6000	-0.018
47.7000	-0.023
47.8000	-0.019
47.9000	-0.019
48.0000	-0.018
48.1000	-0.010
48.2000	-0.014
48.3000	-0.017
48.4000	-0.012
48.5000	-0.012
48.6000	-0.015
48.7000	-0.014
48.8000	-0.014
48.9000	-0.006
49.0000	-0.007
49.1000	-0.009
49.2000	-0.003
49.3000	-0.009
49.4000	-0.007
49.5000	-0.005
49.6000	-0.006
49.7000	-0.006
49.8000	0.001
49.9000	0.000
50.0000	0.002
50.1000	0.001
50.2000	0.004
50.3000	0.004
50.4000	0.003
50.5000	0.003
50.6000	0.007
50.7000	0.004
50.8000	0.005
50.9000	0.010
51.0000	0.011
51.1000	0.012
51.2000	0.006
51.3000	0.011
51.4000	0.014
51.5000	0.012
51.6000	0.008
51.7000	0.020
51.8000	0.016
51.9000	0.020
52.0000	0.010
52.1000	0.020
52.2000	0.012
52.3000	0.018
52.4000	0.012
52.5000	0.022
52.6000	0.017
52.7000	0.015
52.8000	0.016
52.9000	0.018
53.0000	0.018
53.1000	0.019
53.2000	0.019
53.3000	0.016
53.4000	0.018
53.5000	0.015
53.6000	0.019
53.7000	0.008
53.8000	0.012
53.9000	0.021
54.0000	0.018
54.1000	0.014
54.2000	0.012
54.3000	0.012
54.4000	0.014
54.5000	0.007
54.6000	0.008
54.7000	0.011
54.8000	0.016
54.9000	0.008
55.0000	0.010
55.1000	0.005
55.2000	0.001
55.3000	0.009
55.4000	0.003
55.5000	0.004
55.6000	0.007
55.7000	0.002
55.8000	0.004
55.9000	0.000
56.0000	-0.005
56.1000	-0.002
56.2000	-0.004
56.3000	-0.005
56.4000	0.003
56.5000	0.000
56.6000	-0.007
56.7000	-0.004
56.8000	-0.013
56.9000	-0.010
57.0000	-0.010
57.1000	-0.009
57.2000	-0.004
57.3000	-0.010
57.4000	-0.015
57.5000	-0.012
57.6000	-0.017
57.7000	-0.015
57.8000	-0.010
57.9000	-0.014
58.0000	-0.010
58.1000	-0.010
58.2000	-0.020
58.3000	-0.021
58.4000	-0.021
58.5000	-0.018
58.6000	-0.012
58.7000	-0.018
58.8000	-0.017
58.9000	-0.014
59.0000	-0.020
59.1000	-0.021
59.2000	-0.021
59.3000	-0.020
59.4000	-0.014
59.5000	-0.017
59.6000	-0.015
59.7000	-0.015
59.8000	-0.019
59.9000	-0.020
60.0000	-0.016
60.1000	-0.016
60.2000	-0.017
60.3000	-0.008
60.4000	-0.012
60.5000	-0.012
60.6000	-0.010
60.7000	-0.019
60.8000	-0.014
60.9000	-0.013
61.0000	-0.009
61.1000	-0.010
61.2000	-0.005
61.3000	-0.006
61.4000	-0.002
61.5000	-0.009
61.6000	-0.010
61.7000	0.001
61.8000	-0.003
61.9000	0.000
62.0000	-0.003
62.1000	-0.001
62.2000	-0.001
62.3000	-0.003
62.4000	-0.005
62.5000	0.005
62.6000	0.004
62.7000	0.008
62.8000	0.011
62.9000	0.005
63.0000	0.002
63.1000	0.007
63.2000	0.006
63.3000	0.007
63.4000	0.010
63.5000	0.012
63.6000	0.018
63.7000	0.010
63.8000	0.006
63.9000	0.009
64.0000	0.012
64.1000	0.009
64.2000	0.014
64.3000	0.016
64.4000	0.018
64.5000	0.017
64.6000	0.009
64.7000	0.018
64.8000	0.012
64.9000	0.014
65.0000	0.016
65.1000	0.016
65.2000	0.013
65.3000	0.019
65.4000	0.011
65.5000	0.013
65.6000	0.013
65.7000	0.014
65.8000	0.018
65.9000	0.014
66.0000	0.009
66.1000	0.019
66.2000	0.014
66.3000	0.009
66.4000	0.011
66.5000	0.010
66.6000	0.010
66.7000	0.014
66.8000	0.008
66.9000	0.006
67.0000	0.009
67.1000	0.005
67.2000	0.008
67.3000	0.008
67.4000	0.003
67.5000	0.007
67.6000	0.004
67.7000	0.002
67.8000	0.001
67.9000	0.001
68.0000	-0.006
68.1000	0.001
68.2000	0.000
68.3000	0.002
68.4000	-0.004
68.5000	-0.005
68.6000	-0.005
68.7000	-0.005
68.8000	-0.010
68.9000	-0.009
69.0000	-0.003
69.1000	-0.008
69.2000	-0.009
69.3000	-0.010
69.4000	-0.008
69.5000	-0.014
69.6000	-0.012
69.7000	-0.012
69.8000	-0.014
69.9000	-0.010
70.0000	-0.012
70.1000	-0.013
70.2000	-0.020
70.3000	-0.011
70.4000	-0.015
70.5000	-0.015
70.6000	-0.018
70.7000	-0.015
70.8000	-0.013
70.9000	-0.011
71.0000	-0.019
71.1000	-0.016
71.2000	-0.012
71.3000	-0.019
71.4000	-0.019
71.5000	-0.013
71.6000	-0.022
71.7000	-0.009
71.8000	-0.016
71.9000	-0.014
72.0000	-0.011
72.1000	-0.015
72.2000	-0.015
72.3000	-0.014
72.4000	-0.015
72.5000	-0.009
72.6000	-0.013
72.7000	-0.015
72.8000	-0.009
72.9000	-0.006
73.0000	-0.015
73.1000	-0.010
73.2000	-0.008
73.3000	-0.003
73.4000	-0.005
73.5000	-0.009
73.6000	-0.004
73.7000	-0.002
73.8000	-0.006
73.9000	-0.006
74.0000	-0.001
74.1000	0.002
74.2000	0.002
74.3000	-0.001
74.4000	-0.006
74.5000	0.006
74.6000	0.001
74.7000	0.007
74.8000	0.003
74.9000	0.011
75.0000	0.014
75.1000	0.010
75.2000	-0.002
75.3000	0.006
75.4000	0.001
75.5000	0.003
75.6000	0.008
75.7000	0.009
75.8000	0.013
75.9000	0.007
76.0000	0.004
76.1000	0.007
76.2000	0.005
76.3000	0.006
76.4000	0.011
76.5000	0.013
76.6000	0.017
76.7000	0.015
76.8000	0.015
76.9000	0.012
77.0000	0.011
77.1000	0.005
77.2000	0.014
77.3000	0.013
77.4000	0.016
77.5000	0.019
77.6000	0.015
77.7000	0.008
77.8000	0.011
77.9000	0.010
78.0000	0.013
78.1000	0.013
78.2000	0.011
78.3000	0.020
78.4000	0.013
78.5000	0.003
78.6000	0.007
78.7000	0.013
78.8000	0.005
78.9000	0.010
79.0000	0.007
79.1000	0.008
79.2000	0.010
79.3000	-0.003
79.4000	0.002
79.5000	0.007
79.6000	0.009
79.7000	0.005
79.8000	0.002
79.9000	0.001
80.0000	0.006
80.1000	-0.008
80.2000	-0.005
80.3000	0.000
80.4000	0.004
80.5000	0.000
80.6000	-0.002
80.7000	-0.004
80.8000	-0.005
80.9000	-0.011
81.0000	-0.010
81.1000	-0.006
81.2000	-0.004
81.3000	-0.004
81.4000	-0.001
81.5000	-0.009
81.6000	-0.009
81.7000	-0.012
81.8000	-0.017
81.9000	-0.014
82.0000	-0.007
82.1000	-0.007
82.2000	-0.007
82.3000	-0.014
82.4000	-0.011
82.5000	-0.016
82.6000	-0.018
82.7000	-0.020
82.8000	-0.013
82.9000	-0.009
83.0000	-0.013
83.1000	-0.008
83.2000	-0.019
83.3000	-0.013
83.4000	-0.021
83.5000	-0.012
83.6000	-0.011
83.7000	-0.013
83.8000	-0.013
83.9000	-0.007
84.0000	-0.010
84.1000	-0.018
84.2000	-0.015
84.3000	-0.015
84.4000	-0.008
84.5000	-0.016
84.6000	-0.009
84.7000	-0.009
84.8000	-0.009
84.9000	-0.015
85.0000	-0.008
85.1000	-0.008
85.2000	-0.009
85.3000	-0.005
85.4000	-0.008
85.5000	-0.004
85.6000	-0.010
85.7000	-0.005
85.8000	-0.008
85.9000	0.002
86.0000	-0.004
86.1000	0.003
86.2000	-0.005
86.3000	-0.006
86.4000	0.002
86.5000	-0.001
86.6000	-0.007
86.7000	0.003
86.8000	0.005
86.9000	0.004
87.0000	0.000
87.1000	0.001
87.2000	0.011
87.3000	0.001
87.4000	-0.005
87.5000	0.004
87.6000	0.011
87.7000	0.008
87.8000	0.007
87.9000	0.004
88.0000	0.009
88.1000	0.010
88.2000	0.005
88.3000	0.009
88.4000	0.008
88.5000	0.009
88.6000	0.015
88.7000	0.008
88.8000	0.007
88.9000	0.011
89.0000	0.012
89.1000	0.011
89.2000	0.011
89.3000	0.004
89.4000	0.008
89.5000	0.022
89.6000	0.009
89.7000	0.010
89.8000	0.007
89.9000	0.012
90.0000	0.009
90.1000	0.010
90.2000	0.003
90.3000	0.017
90.4000	0.012
90.5000	0.007
90.6000	0.004
90.7000	0.012
90.8000	0.010
90.9000	0.001
91.0000	0.004
91.1000	0.009
91.2000	0.012
91.3000	0.003
91.4000	0.005
91.5000	0.008
91.6000	0.004
91.7000	0.001
91.8000	0.004
91.9000	0.000
92.0000	0.009
92.1000	0.001
92.2000	-0.003
92.3000	0.002
92.4000	-0.008
92.5000	0.001
92.6000	-0.003
92.7000	-0.003
92.8000	-0.002
92.9000	0.000
93.0000	-0.003
93.1000	-0.008
93.2000	-0.008
93.3000	-0.009
93.4000	-0.006
93.5000	-0.004
93.6000	-0.005
93.7000	-0.003
93.8000	-0.010
93.9000	-0.012
94.0000	-0.010
94.1000	-0.014
94.2000	-0.011
94.3000	-0.010
94.4000	-0.008
94.5000	-0.008
94.6000	-0.009
94.7000	-0.014
94.8000	-0.016
94.9000	-0.019
95.0000	-0.011
95.1000	-0.007
95.2000	-0.012
95.3000	-0.006
95.4000	-0.008
95.5000	-0.015
95.6000	-0.018
95.7000	-0.012
95.8000	-0.012
95.9000	-0.007
96.0000	-0.011
96.1000	-0.010
96.2000	-0.008
96.3000	-0.015
96.4000	-0.013
96.5000	-0.008
96.6000	-0.011
96.7000	-0.008
96.8000	-0.004
96.9000	-0.008
97.0000	-0.009
97.1000	-0.007
97.2000	-0.011
97.3000	-0.006
97.4000	-0.007
97.5000	-0.006
97.6000	0.000
97.7000	0.000
97.8000	-0.005
97.9000	-0.001
98.0000	-0.006
98.1000	-0.002
98.2000	-0.007
98.3000	0.002
98.4000	0.004
98.5000	0.004
98.6000	0.000
98.7000	0.000
98.8000	0.003
98.9000	-0.003
99.0000	0.008
99.1000	0.008
99.2000	0.006
99.3000	0.007
99.4000	0.003
99.5000	0.000
99.6000	0.006
99.7000	-0.002
99.8000	0.008
99.9000	0.013
100.0000	0.010
100.1000	0.009
100.2000	0.009
100.3000	0.008
100.4000	0.007
100.5000	0.007
100.6000	0.006
100.7000	0.016
100.8000	0.013
100.9000	0.011
101.0000	0.006
101.1000	0.005
101.2000	0.008
101.3000	0.008
101.4000	0.006
101.5000	0.018
101.6000	0.013
101.7000	0.010
101.8000	0.011
101.9000	0.008
102.0000	0.007
102.1000	0.003
102.2000	0.009
102.3000	0.012
102.4000	0.017
102.5000	0.001
102.6000	0.012
102.7000	0.010
102.8000	0.005
102.9000	0.004
103.0000	0.003
103.1000	0.005
103.2000	0.011
103.3000	0.005
103.4000	0.000
103.5000	0.004
103.6000	0.001
103.7000	0.005
103.8000	0.001
103.9000	-0.002
104.0000	0.004
104.1000	0.006
104.2000	-0.002
104.3000	-0.002
104.4000	-0.003
104.5000	-0.003
104.6000	0.002
104.7000	0.001
104.8000	-0.006
104.9000	-0.007
105.0000	-0.004
105.1000	-0.002
105.2000	-0.007
105.3000	-0.009
105.4000	-0.002
105.5000	-0.005
105.6000	-0.010
105.7000	-0.008
105.8000	-0.010
105.9000	-0.008
106.0000	-0.012
106.1000	-0.010
106.2000	-0.005
106.3000	-0.011
106.4000	-0.008
106.5000	-0.008
106.6000	-0.007
106.7000	-0.011
106.8000	-0.009
106.9000	-0.018
107.0000	-0.011
107.1000	-0.016
107.2000	-0.012
107.3000	-0.007
107.4000	-0.014
107.5000	-0.010
107.6000	-0.012
107.7000	-0.012
107.8000	-0.015
107.9000	-0.003
108.0000	-0.009
108.1000	-0.007
108.2000	-0.015
108.3000	-0.016
108.4000	-0.007
108.5000	-0.008
108.6000	-0.005
108.7000	-0.006
108.8000	-0.006
108.9000	-0.004
109.0000	-0.010
109.1000	-0.013
109.2000	-0.005
109.3000	-0.003
109.4000	-0.004
109.5000	-0.010
109.6000	-0.010
109.7000	-0.002
109.8000	0.001
109.9000	-0.002
110.0000	-0.005
110.1000	0.003
110.2000	0.001
110.3000	0.003
110.4000	-0.010
110.5000	0.001
110.6000	0.000
110.7000	0.005
110.8000	-0.004
110.9000	-0.002
111.0000	0.002
111.1000	0.005
111.2000	0.007
111.3000	-0.003
111.4000	0.004
111.5000	0.012
111.6000	0.008
111.7000	0.003
111.8000	0.001
111.9000	0.003
112.0000	0.013
112.1000	0.015
112.2000	-0.006
112.3000	0.002
112.4000	0.013
112.5000	0.012
112.6000	-0.006
112.7000	0.002
112.8000	0.017
112.9000	0.018
113.0000	0.014
113.1000	0.007
113.2000	0.003
113.3000	0.013
113.4000	0.016
113.5000	-0.001
113.6000	0.004
113.7000	0.016
113.8000	0.009
113.9000	0.014
114.0000	-0.001
114.1000	0.000
114.2000	0.008
114.3000	0.013
114.4000	0.006
114.5000	0.001
114.6000	0.003
114.7000	0.013
114.8000	0.012
114.9000	-0.003
115.0000	-0.007
115.1000	0.008
115.2000	0.014
115.3000	0.011
115.4000	-0.006
115.5000	0.001
115.6000	0.005
115.7000	0.002
115.8000	-0.005
115.9000	-0.006
116.0000	-0.003
116.1000	0.010
116.2000	0.013
116.3000	-0.007
116.4000	-0.016
116.5000	-0.002
116.6000	0.007
116.7000	-0.002
116.8000	-0.015
116.9000	-0.015
117.0000	0.011
117.1000	0.008
117.2000	-0.006
117.3000	-0.016
117.4000	-0.013
117.5000	0.001
117.6000	0.011
117.7000	-0.017
117.8000	-0.023
117.9000	0.002
118.0000	0.005
118.1000	-0.013
118.2000	-0.030
118.3000	-0.009
118.4000	0.002
118.5000	0.013
118.6000	-0.010
118.7000	-0.026
118.8000	-0.018
118.9000	0.001
119.0000	-0.005
119.1000	-0.021
119.2000	-0.016
119.3000	-0.012
119.4000	0.012
119.5000	0.005
119.6000	-0.026
119.7000	-0.027
119.8000	-0.003
119.9000	-0.001
120.0000	0.005
120.1000	-0.020
120.2000	-0.014
120.3000	0.001
120.4000	0.013
120.5000	-0.014
120.6000	-0.030
120.7000	-0.020
120.8000	0.006
120.9000	0.011
121.0000	-0.007
121.1000	-0.018
121.2000	0.001
121.3000	0.011
121.4000	-0.003
